=== UNIX System time [s].[ns] ===
1659119818.207703056

=== Timestamps in [us] since system time ===
   0,    2346929
   1,    2392380
   2,    2437832
   3,    2483279
   4,    2528730
   5,    2574183
   6,    2619632
   7,    2665080
   8,    2710531
   9,    2755980
  10,    2801433
  11,    2846881
  12,    2892331
  13,    2937780
  14,    2983231
  15,    3028681
  16,    3074128
  17,    3119582
  18,    3165033
  19,    3210485
  20,    3255931
  21,    3301384
  22,    3346829
  23,    3392283
  24,    3437733
  25,    3483180
  26,    3528633
  27,    3574082
  28,    3619529
  29,    3664979
  30,    3710427
  31,    3740395
  32,    3755882
  33,    3801328
  34,    3846778
  35,    3892232
  36,    3937682
  37,    3983130
  38,    4028584
  39,    4074031
  40,    4119487
  41,    4164933
  42,    4210380
  43,    4255834
  44,    4301281
  45,    4346734
  46,    4392184
  47,    4437636
  48,    4483081
  49,    4528529
  50,    4573983
  51,    4619435
  52,    4664887
  53,    4710333
  54,    4755781
  55,    4801230
  56,    4846684
  57,    4892134
  58,    4937587
  59,    4983030
  60,    5028486
  61,    5073932
  62,    5119383
  63,    5164839
  64,    5210280
  65,    5255734
  66,    5301187
  67,    5346635
  68,    5392086
  69,    5437533
  70,    5482983
  71,    5528435
  72,    5573884
  73,    5619336
  74,    5664784
  75,    5710236
  76,    5755684
  77,    5801135
  78,    5846587
  79,    5892034
  80,    5937488
  81,    5982938
  82,    6028384
  83,    6073836
  84,    6119284
  85,    6164738
  86,    6210187
  87,    6255642
  88,    6301089
  89,    6346536
  90,    6391985
  91,    6437438
  92,    6482888
  93,    6528338
  94,    6573786
  95,    6619234
  96,    6664685
  97,    6710140
  98,    6755584
  99,    6801034
 100,    6846486
 101,    6891938
 102,    6937391
 103,    6982836
 104,    7028288
 105,    7073737
 106,    7119189
 107,    7164639
 108,    7210085
 109,    7255539
 110,    7300984
 111,    7346438
 112,    7391888
 113,    7437339
 114,    7482829
 115,    7528237
 116,    7573690
 117,    7619136
 118,    7664590
 119,    7710038
 120,    7755488
 121,    7800940
 122,    7846387
 123,    7891840
 124,    7937291
 125,    7982745
 126,    8028190
 127,    8073640
 128,    8119090
 129,    8164542
 130,    8209990
 131,    8255437
 132,    8300893
 133,    8346342
 134,    8391786
 135,    8437242
 136,    8482687
 137,    8528143
 138,    8573590
 139,    8619041
 140,    8664490
 141,    8709961
 142,    8755390
 143,    8800842
 144,    8846290
 145,    8891742
 146,    8937192
 147,    8982644
 148,    9028095
 149,    9073541
 150,    9118990
 151,    9164443
 152,    9209893
 153,    9255340
 154,    9300797
 155,    9346243
 156,    9391692
 157,    9437145
 158,    9482595
 159,    9528046
 160,    9573490
 161,    9618947
 162,    9664393
 163,    9709847
 164,    9755294
 165,    9800742
 166,    9846194
 167,    9891645
 168,    9937094
 169,    9982542
 170,   10027996
 171,   10073447
 172,   10118898
 173,   10164343
 174,   10209794
 175,   10255246
 176,   10300695
 177,   10346147
 178,   10391593
 179,   10437048
 180,   10482496
 181,   10527950
 182,   10573394
 183,   10618847
 184,   10664296
 185,   10709751
 186,   10755195
 187,   10800651
 188,   10846094
 189,   10891544
 190,   10936997
 191,   10982443
 192,   11027899
 193,   11073347
 194,   11118795
 195,   11164247
 196,   11209695
 197,   11255146
 198,   11300595
 199,   11346046
 200,   11391498
 201,   11436952
 202,   11482398
 203,   11527844
 204,   11573297
 205,   11618747
 206,   11664197
 207,   11709646
 208,   11755100
 209,   11800548
 210,   11845999
 211,   11891449
 212,   11936897
 213,   11982351
 214,   12027800
 215,   12073247
 216,   12118702
 217,   12164147
 218,   12209603
 219,   12255052
 220,   12300505
 221,   12345948
 222,   12391400
 223,   12436851
 224,   12482305
 225,   12527764
 226,   12573200
 227,   12618649
 228,   12664101
 229,   12709552
 230,   12754998
 231,   12800450
 232,   12845901
 233,   12891350
 234,   12936800
 235,   12982250
 236,   13027704
 237,   13073149
 238,   13118606
 239,   13164052
 240,   13209503
 241,   13254952
 242,   13300399
 243,   13345851
 244,   13391302
 245,   13436755
 246,   13482204
 247,   13527652
 248,   13573103
 249,   13618557
 250,   13664001
 251,   13709457
 252,   13754902
 253,   13800356
 254,   13845804
 255,   13891252
 256,   13936704
 257,   13982153
 258,   14027604
 259,   14073053
 260,   14118508
 261,   14163950
 262,   14209407
 263,   14254857
 264,   14300305
 265,   14345759
 266,   14391209
 267,   14436657
 268,   14482111
 269,   14527556
 270,   14573006
 271,   14618460
 272,   14663905
 273,   14709361
 274,   14754806
 275,   14800257
 276,   14845708
 277,   14891156
 278,   14936613
 279,   14982059
 280,   15027510
 281,   15072955
 282,   15118411
 283,   15163859
 284,   15209306
 285,   15254760
 286,   15300207
 287,   15345662
 288,   15391111
 289,   15436560
 290,   15482012
 291,   15527459
 292,   15572913
 293,   15618360
 294,   15663809
 295,   15709264
 296,   15754709
 297,   15800161
 298,   15845612
 299,   15891062
 300,   15936513
 301,   15981960
 302,   16027412
 303,   16072861
 304,   16118315
 305,   16163760
 306,   16209211
 307,   16254661
 308,   16300111
 309,   16345562
 310,   16391013
 311,   16436460
 312,   16481914
 313,   16527366
 314,   16572813
 315,   16618262
 316,   16663714
 317,   16709168
 318,   16754614
 319,   16800066
 320,   16845516
 321,   16890968
 322,   16936413
 323,   16981868
 324,   17027313
 325,   17072771
 326,   17118215
 327,   17163664
 328,   17209114
 329,   17254564
 330,   17300017
 331,   17345464
 332,   17390915
 333,   17436369
 334,   17481818
 335,   17527265
 336,   17572715
 337,   17618169
 338,   17663616
 339,   17709067
 340,   17754517
 341,   17799964
 342,   17845417
 343,   17890865
 344,   17936318
 345,   17981768
 346,   18027221
 347,   18072671
 348,   18118115
 349,   18163566
 350,   18209018
 351,   18254470
 352,   18299924
 353,   18345370
 354,   18390819
 355,   18436268
 356,   18481717
 357,   18527169
 358,   18572620
 359,   18618072
 360,   18663517
 361,   18708972
 362,   18754421
 363,   18799873
 364,   18845320
 365,   18890769
 366,   18936220
 367,   18981670
 368,   19027120
 369,   19072574
 370,   19118021
 371,   19163469
 372,   19208923
 373,   19254373
 374,   19299821
 375,   19345271
 376,   19390722
 377,   19436169
 378,   19481625
 379,   19527073
 380,   19572524
 381,   19617976
 382,   19663421
 383,   19708874
 384,   19754322
 385,   19799776
 386,   19845227
 387,   19890677
 388,   19936123
 389,   19981577
 390,   20027028
 391,   20072474
 392,   20117925
 393,   20163373
 394,   20208827
 395,   20254275
 396,   20299726
 397,   20345176
 398,   20390625
 399,   20436074
 400,   20481529
 401,   20526977
 402,   20572431
 403,   20617879
 404,   20663327
 405,   20708778
 406,   20754230
 407,   20799680
 408,   20845123
 409,   20890576
 410,   20936028
 411,   20981479
 412,   21026926
 413,   21072377
 414,   21117826
 415,   21163278
 416,   21208728
 417,   21254177
 418,   21299630
 419,   21345079
 420,   21390528
 421,   21435979
 422,   21481434
 423,   21526876
 424,   21572330
 425,   21617781
 426,   21663229
 427,   21708685
 428,   21754129
 429,   21799581
 430,   21845032
 431,   21890482
 432,   21935931
 433,   21981380
 434,   22026830
 435,   22072286
 436,   22117729
 437,   22163180
 438,   22208630
 439,   22254083
 440,   22299534
 441,   22344983
 442,   22390437
 443,   22435884
 444,   22481335
 445,   22526785
 446,   22572237
 447,   22617682
 448,   22663134
 449,   22708582
 450,   22754034
 451,   22799487
 452,   22844935
 453,   22890383
 454,   22935829
 455,   22981282
 456,   23026735
 457,   23072185
 458,   23117636
 459,   23163086
 460,   23208539
 461,   23253986
 462,   23299438
 463,   23344888
 464,   23390341
 465,   23435785
 466,   23481235
 467,   23526686
 468,   23572138
 469,   23617586
 470,   23663036
 471,   23708489
 472,   23753938
 473,   23799393
 474,   23844839
 475,   23890290
 476,   23935738
 477,   23981186
 478,   24026639
 479,   24072090
 480,   24117541
 481,   24162989
 482,   24208438
 483,   24253889
 484,   24299342
 485,   24344794
 486,   24390247
 487,   24435691
 488,   24481142
 489,   24526595
 490,   24572041
 491,   24617491
 492,   24662941
 493,   24708392
 494,   24753841
 495,   24799295
 496,   24844742
 497,   24890195
 498,   24935645
 499,   24981095
 500,   25026547
 501,   25071997
 502,   25117443
 503,   25162896
 504,   25208342
 505,   25253792
 506,   25299245
 507,   25344695
 508,   25390144
 509,   25435597
 510,   25481050
 511,   25526495
 512,   25571951
 513,   25617395
 514,   25662846
 515,   25708296
 516,   25753745
 517,   25799194
 518,   25844648
 519,   25890100
 520,   25935545
 521,   25980998
 522,   26026451
 523,   26071899
 524,   26117350
 525,   26162816
 526,   26208247
 527,   26253700
 528,   26299147
 529,   26344598
 530,   26390046
 531,   26435499
 532,   26480949
 533,   26526397
 534,   26571853
 535,   26617298
 536,   26662752
 537,   26708203
 538,   26753653
 539,   26799098
 540,   26844551
 541,   26890000
 542,   26935452
 543,   26980901
 544,   27026353
 545,   27071799
 546,   27117251
 547,   27162701
 548,   27208154
 549,   27253601
 550,   27299056
 551,   27344500
 552,   27389949
 553,   27435405
 554,   27480855
 555,   27526329
 556,   27571755
 557,   27617200
 558,   27662655
 559,   27708106
 560,   27753554
 561,   27799004
 562,   27844455
 563,   27889903
 564,   27935356
 565,   27980803
 566,   28026254
 567,   28071708
 568,   28117157
 569,   28162607
 570,   28208057
 571,   28253504
 572,   28298955
 573,   28344406
 574,   28389853
 575,   28435305
 576,   28480754
 577,   28526204
 578,   28571657
 579,   28617111
 580,   28662559
 581,   28708009
 582,   28753456
 583,   28798906
 584,   28844356
 585,   28889808
 586,   28935255
 587,   28980709
 588,   29026157
 589,   29071609
 590,   29117061
 591,   29162508
 592,   29207962
 593,   29253408
 594,   29298865
 595,   29344310
 596,   29389759
 597,   29435211
 598,   29480662
 599,   29526111
 600,   29571561
 601,   29617009
 602,   29662463
 603,   29707910
 604,   29753359
 605,   29798812
 606,   29844260
 607,   29889712
 608,   29935165
 609,   29980610
 610,   30026064
 611,   30071512
 612,   30116963
 613,   30162415
 614,   30207865
 615,   30253313
 616,   30298765
 617,   30344214
 618,   30389664
 619,   30435111
 620,   30480569
 621,   30526014
 622,   30571470
 623,   30616914
 624,   30662365
 625,   30707816
 626,   30753266
 627,   30798719
 628,   30844165
 629,   30889612
 630,   30935063
 631,   30980518
 632,   31025971
 633,   31071417
 634,   31116866
 635,   31162318
 636,   31207766
 637,   31253219
 638,   31298666
 639,   31344116
 640,   31389568
 641,   31435016
 642,   31480470
 643,   31525919
 644,   31571372
 645,   31616820
 646,   31662270
 647,   31707720
 648,   31753170
 649,   31798620
 650,   31844069
 651,   31889522
 652,   31934972
 653,   31980425
 654,   32025868
 655,   32071322
 656,   32116775
 657,   32162224
 658,   32207674
 659,   32253121
 660,   32298574
 661,   32344023
 662,   32389473
 663,   32434923
 664,   32480371
 665,   32525821
 666,   32571276
 667,   32616726
 668,   32662172
 669,   32707624
 670,   32753077
 671,   32798528
 672,   32843976
 673,   32889422
 674,   32934875
 675,   32980325
 676,   33025779
 677,   33071226
 678,   33116675
 679,   33162126
 680,   33207577
 681,   33253026
 682,   33298477
 683,   33343926
 684,   33389378
 685,   33434827
 686,   33480287
 687,   33525728
 688,   33571177
 689,   33616628
 690,   33662082
 691,   33707532
 692,   33752978
 693,   33798431
 694,   33843881
 695,   33889330
 696,   33934780
 697,   33980229
 698,   34025682
 699,   34071133
 700,   34116581
 701,   34162033
 702,   34207481
 703,   34252930
 704,   34298381
 705,   34343828
 706,   34389285
 707,   34434733
 708,   34480181
 709,   34525630
 710,   34571085
 711,   34616533
 712,   34661983
 713,   34707434
 714,   34752887
 715,   34798332
 716,   34843784
 717,   34889232
 718,   34934684
 719,   34980136
 720,   35025585
 721,   35071035
 722,   35116483
 723,   35161935
 724,   35207387
 725,   35252837
 726,   35298289
 727,   35343733
 728,   35389186
 729,   35434637
 730,   35480086
 731,   35525538
 732,   35570988
 733,   35616436
 734,   35661888
 735,   35707335
 736,   35752829
 737,   35798243
 738,   35843687
 739,   35889142
 740,   35934591
 741,   35980039
 742,   36025490
 743,   36070937
 744,   36116391
 745,   36161844
 746,   36207287
 747,   36252737
 748,   36298191
 749,   36343639
 750,   36389090
 751,   36434539
 752,   36480000
 753,   36525441
 754,   36570894
 755,   36616342
 756,   36661791
 757,   36707242
 758,   36752694
 759,   36798142
 760,   36843593
 761,   36889041
 762,   36934497
 763,   36979944
 764,   37025391
 765,   37070840
 766,   37116291
 767,   37161748
 768,   37207194
 769,   37252642
 770,   37298097
 771,   37343546
 772,   37388996
 773,   37434445
 774,   37479893
 775,   37525347
 776,   37570796
 777,   37616245
 778,   37661694
 779,   37707143
 780,   37752596
 781,   37798047
 782,   37843498
 783,   37888948
 784,   37934400
 785,   37979847
 786,   38025298
 787,   38070748
 788,   38116198
 789,   38161648
 790,   38207100
 791,   38252574
 792,   38297998
 793,   38343452
 794,   38388897
 795,   38434348
 796,   38479799
 797,   38525248
 798,   38570703
 799,   38616150
 800,   38646115
 801,   38661600
 802,   38707053
 803,   38752502
 804,   38797956
 805,   38843403
 806,   38888853
 807,   38934301
 808,   38979755
 809,   39025206
 810,   39070656
 811,   39116100
 812,   39161553
 813,   39207003
 814,   39252456
 815,   39297904
 816,   39343352
 817,   39388805
 818,   39434256
 819,   39479704
 820,   39525154
 821,   39570607
 822,   39616055
 823,   39661503
 824,   39706958
 825,   39752404
 826,   39797856
 827,   39843304
 828,   39888757
 829,   39934205
 830,   39979656
 831,   40025105
 832,   40070560
 833,   40116009
 834,   40161458
 835,   40206906
 836,   40252359
 837,   40297808
 838,   40343259
 839,   40388707
 840,   40434159
 841,   40479611
 842,   40525055
 843,   40570513
 844,   40615957
 845,   40661410
 846,   40706860
 847,   40752314
 848,   40797763
 849,   40843210
 850,   40888662
 851,   40934111
 852,   40979565
 853,   41025009
 854,   41070466
 855,   41115912
 856,   41161365
 857,   41206815
 858,   41252265
 859,   41297716
 860,   41343162
 861,   41388614
 862,   41434067
 863,   41479514
 864,   41524962
 865,   41570415
 866,   41615867
 867,   41661319
 868,   41706765
 869,   41752220
 870,   41797667
 871,   41843114
 872,   41888565
 873,   41934015
 874,   41979467
 875,   42024916
 876,   42070369
 877,   42115819
 878,   42161265
 879,   42206722
 880,   42252171
 881,   42297616
 882,   42343067
 883,   42388524
 884,   42433970
 885,   42479420
 886,   42524869
 887,   42570318
 888,   42615770
 889,   42661218
 890,   42706673
 891,   42752118
 892,   42797573
 893,   42843018
 894,   42888476
 895,   42933918
 896,          0
 897,          0
 898,          0
 899,          0
 900,          0
 901,          0
 902,          0
 903,          0
 904,          0
 905,          0
 906,          0
 907,          0
 908,          0
 909,          0
 910,          0
 911,          0
 912,          0
 913,          0
 914,          0
 915,          0
 916,          0
 917,          0
 918,          0
 919,          0
 920,          0
 921,          0
 922,          0
 923,          0
 924,          0
 925,          0
 926,          0
 927,          0
 928,          0
 929,          0
 930,          0
 931,          0
 932,          0
 933,          0
 934,          0
 935,          0
 936,          0
 937,          0
 938,          0
 939,          0
 940,          0
 941,          0
 942,          0
 943,          0
 944,          0
 945,          0
 946,          0
 947,          0
 948,          0
 949,          0
 950,          0
 951,          0
 952,          0
 953,          0
 954,          0
 955,          0
 956,          0
 957,          0
 958,          0
 959,          0
 960,          0
 961,          0
 962,          0
 963,          0
 964,          0
 965,          0
 966,          0
 967,          0
 968,          0
 969,          0
 970,          0
 971,          0
 972,          0
 973,          0
 974,          0
 975,          0
 976,          0
 977,          0
 978,          0
 979,          0
 980,          0
 981,          0
 982,          0
 983,          0
 984,          0
 985,          0
 986,          0
 987,          0
 988,          0
 989,          0
 990,          0
 991,          0
 992,          0
 993,          0
 994,          0
 995,          0
 996,          0
 997,          0
 998,          0
 999,          0
1000,          0
1001,          0
1002,          0
1003,          0
1004,          0
1005,          0
1006,          0
1007,          0
1008,          0
1009,          0
1010,          0
1011,          0
1012,          0
1013,          0
1014,          0
1015,          0
1016,          0
1017,          0
1018,          0
1019,          0
1020,          0
1021,          0
1022,          0
1023,          0
1024,          0
1025,          0
1026,          0
1027,          0
1028,          0
1029,          0
1030,          0
1031,          0
1032,          0
1033,          0
1034,          0
1035,          0
1036,          0
1037,          0
1038,          0
1039,          0
1040,          0
1041,          0
1042,          0
1043,          0
1044,          0
1045,          0
1046,          0
1047,          0
1048,          0
1049,          0
1050,          0
1051,          0
1052,          0
1053,          0
1054,          0
1055,          0
1056,          0
1057,          0
1058,          0
1059,          0
1060,          0
1061,          0
1062,          0
1063,          0
1064,          0
1065,          0
1066,          0
1067,          0
1068,          0
1069,          0
1070,          0
1071,          0
1072,          0
1073,          0
1074,          0
1075,          0
1076,          0
1077,          0
1078,          0
1079,          0
1080,          0
1081,          0
1082,          0
1083,          0
1084,          0
1085,          0
1086,          0
1087,          0
1088,          0
1089,          0
1090,          0
1091,          0
1092,          0
1093,          0
1094,          0
1095,          0
1096,          0
1097,          0
1098,          0
1099,          0
1100,          0
1101,          0
1102,          0
1103,          0
1104,          0
1105,          0
1106,          0
1107,          0
1108,          0
1109,          0
1110,          0
1111,          0
1112,          0
1113,          0
1114,          0
1115,          0
1116,          0
1117,          0
1118,          0
1119,          0
1120,          0
1121,          0
1122,          0
1123,          0
1124,          0
1125,          0
1126,          0
1127,          0
1128,          0
1129,          0
1130,          0
1131,          0
1132,          0
1133,          0
1134,          0
1135,          0
1136,          0
1137,          0
1138,          0
1139,          0
1140,          0
1141,          0
1142,          0
1143,          0
1144,          0
1145,          0
1146,          0
1147,          0
1148,          0
1149,          0
1150,          0
1151,          0
1152,          0
1153,          0
1154,          0
1155,          0
1156,          0
1157,          0
1158,          0
1159,          0
1160,          0
1161,          0
1162,          0
1163,          0
1164,          0
1165,          0
1166,          0
1167,          0
1168,          0
1169,          0
1170,          0
1171,          0
1172,          0
1173,          0
1174,          0
1175,          0
1176,          0
1177,          0
1178,          0
1179,          0
1180,          0
1181,          0
1182,          0
1183,          0
1184,          0
1185,          0
1186,          0
1187,          0
1188,          0
1189,          0
1190,          0
1191,          0
1192,          0
1193,          0
1194,          0
1195,          0
1196,          0
1197,          0
1198,          0
1199,          0
1200,          0
1201,          0
1202,          0
1203,          0
1204,          0
1205,          0
1206,          0
1207,          0
1208,          0
1209,          0
1210,          0
1211,          0
1212,          0
1213,          0
1214,          0
1215,          0
1216,          0
1217,          0
1218,          0
1219,          0
1220,          0
1221,          0
1222,          0
1223,          0
1224,          0
1225,          0
1226,          0
1227,          0
1228,          0
1229,          0
1230,          0
1231,          0
1232,          0
1233,          0
1234,          0
1235,          0
1236,          0
1237,          0
1238,          0
1239,          0
1240,          0
1241,          0
1242,          0
1243,          0
1244,          0
1245,          0
1246,          0
1247,          0
1248,          0
1249,          0
1250,          0
1251,          0
1252,          0
1253,          0
1254,          0
1255,          0
1256,          0
1257,          0
1258,          0
1259,          0
1260,          0
1261,          0
1262,          0
1263,          0
1264,          0
1265,          0
1266,          0
1267,          0
1268,          0
1269,          0
1270,          0
1271,          0
1272,          0
1273,          0
1274,          0
1275,          0
1276,          0
1277,          0
1278,          0
1279,          0
1280,          0
1281,          0
1282,          0
1283,          0
1284,          0
1285,          0
1286,          0
1287,          0
1288,          0
1289,          0
1290,          0
1291,          0
1292,          0
1293,          0
1294,          0
1295,          0
1296,          0
1297,          0
1298,          0
1299,          0
1300,          0
1301,          0
1302,          0
1303,          0
1304,          0
1305,          0
1306,          0
1307,          0
1308,          0
1309,          0
1310,          0
1311,          0
1312,          0
1313,          0
1314,          0
1315,          0
1316,          0
1317,          0
1318,          0
1319,          0
1320,          0
1321,          0
1322,          0
1323,          0
1324,          0
1325,          0
1326,          0
1327,          0
1328,          0
1329,          0
1330,          0
1331,          0
1332,          0
1333,          0
1334,          0
1335,          0
1336,          0
1337,          0
1338,          0
1339,          0
1340,          0
1341,          0
1342,          0
1343,          0
1344,          0
1345,          0
1346,          0
1347,          0
1348,          0
1349,          0
1350,          0
1351,          0
1352,          0
1353,          0
1354,          0
1355,          0
1356,          0
1357,          0
1358,          0
1359,          0
1360,          0
1361,          0
1362,          0
1363,          0
1364,          0
1365,          0
1366,          0
1367,          0
1368,          0
1369,          0
1370,          0
1371,          0
1372,          0
1373,          0
1374,          0
1375,          0
1376,          0
1377,          0
1378,          0
1379,          0
1380,          0
1381,          0
1382,          0
1383,          0
1384,          0
1385,          0
1386,          0
1387,          0
1388,          0
1389,          0
1390,          0
1391,          0
1392,          0
1393,          0
1394,          0
1395,          0
1396,          0
1397,          0
1398,          0
1399,          0
1400,          0
1401,          0
1402,          0
1403,          0
1404,          0
1405,          0
1406,          0
1407,          0
1408,          0
1409,          0
1410,          0
1411,          0
1412,          0
1413,          0
1414,          0
1415,          0
1416,          0
1417,          0
1418,          0
1419,          0
1420,          0
1421,          0
1422,          0
1423,          0
1424,          0
1425,          0
1426,          0
1427,          0
1428,          0
1429,          0
1430,          0
1431,          0
1432,          0
1433,          0
