Services system time timestamps
Capture start: 1659119820.523484496
Capture   end: 1659119863.988508644

Frames:
   0, 1659119820.576111076
   1, 1659119820.615349148
   2, 1659119820.660841584
   3, 1659119820.705697380
   4, 1659119820.751759680
   5, 1659119820.797430704
   6, 1659119820.842371576
   7, 1659119820.890924012
   8, 1659119820.933886820
   9, 1659119820.979020244
  10, 1659119821.024965748
  11, 1659119821.069855600
  12, 1659119821.114957768
  13, 1659119821.161105096
  14, 1659119821.209055620
  15, 1659119821.251326180
  16, 1659119821.296441588
  17, 1659119821.341994020
  18, 1659119821.387625860
  19, 1659119821.433604492
  20, 1659119821.478433800
  21, 1659119821.523860080
  22, 1659119821.569150608
  23, 1659119821.614939456
  24, 1659119821.660555028
  25, 1659119821.705566984
  26, 1659119821.750988700
  27, 1659119821.796518788
  28, 1659119821.842119128
  29, 1659119821.888556900
  30, 1659119821.932950956
  31, 1659119821.979164892
  32, 1659119822.023876204
  33, 1659119822.069148212
  34, 1659119822.114840128
  35, 1659119822.160278372
  36, 1659119822.205762656
  37, 1659119822.251539432
  38, 1659119822.296411896
  39, 1659119822.342583180
  40, 1659119822.387416780
  41, 1659119822.432953200
  42, 1659119822.478583876
  43, 1659119822.523668888
  44, 1659119822.569433976
  45, 1659119822.614531900
  46, 1659119822.660316980
  47, 1659119822.707477968
  48, 1659119822.750891452
  49, 1659119822.796534368
  50, 1659119822.841979224
  51, 1659119822.887556476
  52, 1659119822.934649624
  53, 1659119822.978637372
  54, 1659119823.023746508
  55, 1659119823.069375564
  56, 1659119823.115010480
  57, 1659119823.160297976
  58, 1659119823.205469876
  59, 1659119823.251135124
  60, 1659119823.296313232
  61, 1659119823.341876884
  62, 1659119823.388450784
  63, 1659119823.432646988
  64, 1659119823.478180380
  65, 1659119823.523677824
  66, 1659119823.569128096
  67, 1659119823.614885832
  68, 1659119823.659937632
  69, 1659119823.705703504
  70, 1659119823.751075548
  71, 1659119823.796585668
  72, 1659119823.842012196
  73, 1659119823.887668252
  74, 1659119823.933126360
  75, 1659119823.978586520
  76, 1659119824.023874408
  77, 1659119824.070041688
  78, 1659119824.114370524
  79, 1659119824.159909060
  80, 1659119824.205362596
  81, 1659119824.251023668
  82, 1659119824.297265024
  83, 1659119824.341771160
  84, 1659119824.387174152
  85, 1659119824.432667628
  86, 1659119824.478087212
  87, 1659119824.524140852
  88, 1659119824.568982076
  89, 1659119824.614455328
  90, 1659119824.660200512
  91, 1659119824.706243240
  92, 1659119824.750789048
  93, 1659119824.796559856
  94, 1659119824.841821616
  95, 1659119824.887264792
  96, 1659119824.933210560
  97, 1659119824.978356132
  98, 1659119825.023424544
  99, 1659119825.069440088
 100, 1659119825.114439520
 101, 1659119825.160153452
 102, 1659119825.205878932
 103, 1659119825.251622432
 104, 1659119825.296227980
 105, 1659119825.341870696
 106, 1659119825.387214192
 107, 1659119825.432538788
 108, 1659119825.477770416
 109, 1659119825.523647132
 110, 1659119825.569049100
 111, 1659119825.614321948
 112, 1659119825.660485120
 113, 1659119825.706350060
 114, 1659119825.750760120
 115, 1659119825.796936880
 116, 1659119825.841557012
 117, 1659119825.887031436
 118, 1659119825.932648432
 119, 1659119825.978622368
 120, 1659119826.024066672
 121, 1659119826.068730172
 122, 1659119826.114627992
 123, 1659119826.159819260
 124, 1659119826.205800284
 125, 1659119826.250821560
 126, 1659119826.296368236
 127, 1659119826.341738396
 128, 1659119826.387581716
 129, 1659119826.433977880
 130, 1659119826.478008604
 131, 1659119826.523629608
 132, 1659119826.568998068
 133, 1659119826.614807492
 134, 1659119826.660276480
 135, 1659119826.705631300
 136, 1659119826.750643624
 137, 1659119826.796189332
 138, 1659119826.841341788
 139, 1659119826.887104212
 140, 1659119826.932556868
 141, 1659119826.978386880
 142, 1659119827.023336816
 143, 1659119827.068627928
 144, 1659119827.114161368
 145, 1659119827.159942796
 146, 1659119827.205111424
 147, 1659119827.250918228
 148, 1659119827.296397232
 149, 1659119827.341412316
 150, 1659119827.386791620
 151, 1659119827.432387692
 152, 1659119827.477777652
 153, 1659119827.523910144
 154, 1659119827.568679700
 155, 1659119827.614073948
 156, 1659119827.659623284
 157, 1659119827.704980824
 158, 1659119827.750526916
 159, 1659119827.796340816
 160, 1659119827.841414984
 161, 1659119827.886726540
 162, 1659119827.935046872
 163, 1659119827.978800872
 164, 1659119828.024924756
 165, 1659119828.068696792
 166, 1659119828.114501888
 167, 1659119828.159366204
 168, 1659119828.204882684
 169, 1659119828.250327320
 170, 1659119828.295997960
 171, 1659119828.341710796
 172, 1659119828.386913772
 173, 1659119828.432742732
 174, 1659119828.477587772
 175, 1659119828.523319920
 176, 1659119828.568771704
 177, 1659119828.614094532
 178, 1659119828.659953596
 179, 1659119828.704877164
 180, 1659119828.751058932
 181, 1659119828.796365812
 182, 1659119828.842257836
 183, 1659119828.887614656
 184, 1659119828.932353516
 185, 1659119828.978381116
 186, 1659119829.023227668
 187, 1659119829.068513656
 188, 1659119829.113874896
 189, 1659119829.159739712
 190, 1659119829.204867336
 191, 1659119829.250743312
 192, 1659119829.295851824
 193, 1659119829.341284772
 194, 1659119829.386755176
 195, 1659119829.432058132
 196, 1659119829.477819672
 197, 1659119829.523453824
 198, 1659119829.568936784
 199, 1659119829.614201296
 200, 1659119829.659789372
 201, 1659119829.704841596
 202, 1659119829.750285632
 203, 1659119829.795724932
 204, 1659119829.841401772
 205, 1659119829.888579192
 206, 1659119829.932137972
 207, 1659119829.978066180
 208, 1659119830.023124352
 209, 1659119830.068561840
 210, 1659119830.115874076
 211, 1659119830.159519412
 212, 1659119830.205288592
 213, 1659119830.250324908
 214, 1659119830.295913852
 215, 1659119830.341543696
 216, 1659119830.387271132
 217, 1659119830.432184512
 218, 1659119830.477804680
 219, 1659119830.523599948
 220, 1659119830.568594984
 221, 1659119830.614271460
 222, 1659119830.659943876
 223, 1659119830.705179284
 224, 1659119830.750451924
 225, 1659119830.796276528
 226, 1659119830.841759704
 227, 1659119830.887650012
 228, 1659119830.932597576
 229, 1659119830.978302668
 230, 1659119831.023248048
 231, 1659119831.068521720
 232, 1659119831.114085112
 233, 1659119831.159294452
 234, 1659119831.204831040
 235, 1659119831.250558060
 236, 1659119831.295898300
 237, 1659119831.341102880
 238, 1659119831.386740020
 239, 1659119831.432518704
 240, 1659119831.477700820
 241, 1659119831.523182340
 242, 1659119831.568150704
 243, 1659119831.613795388
 244, 1659119831.660057404
 245, 1659119831.705052224
 246, 1659119831.749914860
 247, 1659119831.795550544
 248, 1659119831.840889868
 249, 1659119831.886398320
 250, 1659119831.932267964
 251, 1659119831.977350492
 252, 1659119832.023108284
 253, 1659119832.068454068
 254, 1659119832.114353820
 255, 1659119832.161440156
 256, 1659119832.204932592
 257, 1659119832.250104980
 258, 1659119832.295776104
 259, 1659119832.341584664
 260, 1659119832.386724796
 261, 1659119832.432089168
 262, 1659119832.477810044
 263, 1659119832.522878944
 264, 1659119832.568860896
 265, 1659119832.613929704
 266, 1659119832.659634040
 267, 1659119832.705244340
 268, 1659119832.749962472
 269, 1659119832.795780112
 270, 1659119832.841238300
 271, 1659119832.886216220
 272, 1659119832.932068760
 273, 1659119832.977279076
 274, 1659119833.022802392
 275, 1659119833.068652864
 276, 1659119833.113912984
 277, 1659119833.159272200
 278, 1659119833.204831580
 279, 1659119833.251117380
 280, 1659119833.295555228
 281, 1659119833.341291052
 282, 1659119833.386347592
 283, 1659119833.432075052
 284, 1659119833.477487756
 285, 1659119833.526051916
 286, 1659119833.568935636
 287, 1659119833.613734472
 288, 1659119833.659175696
 289, 1659119833.705225620
 290, 1659119833.749793092
 291, 1659119833.795366308
 292, 1659119833.840703004
 293, 1659119833.886534164
 294, 1659119833.932103132
 295, 1659119833.977788640
 296, 1659119834.022637208
 297, 1659119834.068283608
 298, 1659119834.113798484
 299, 1659119834.159202264
 300, 1659119834.204611244
 301, 1659119834.249825296
 302, 1659119834.295297952
 303, 1659119834.340999392
 304, 1659119834.386101344
 305, 1659119834.431851720
 306, 1659119834.477032984
 307, 1659119834.522793820
 308, 1659119834.568985248
 309, 1659119834.613784756
 310, 1659119834.659035104
 311, 1659119834.705428396
 312, 1659119834.751897428
 313, 1659119834.795203268
 314, 1659119834.840639636
 315, 1659119834.886019164
 316, 1659119834.931635212
 317, 1659119834.978404436
 318, 1659119835.023348756
 319, 1659119835.068421316
 320, 1659119835.113851384
 321, 1659119835.159017416
 322, 1659119835.204440464
 323, 1659119835.249752804
 324, 1659119835.295148624
 325, 1659119835.340663176
 326, 1659119835.386318336
 327, 1659119835.432003236
 328, 1659119835.477378916
 329, 1659119835.522658056
 330, 1659119835.568186164
 331, 1659119835.613462240
 332, 1659119835.659080388
 333, 1659119835.705213212
 334, 1659119835.749683604
 335, 1659119835.795320068
 336, 1659119835.841208276
 337, 1659119835.886418384
 338, 1659119835.931707860
 339, 1659119835.977937856
 340, 1659119836.022605324
 341, 1659119836.068059752
 342, 1659119836.113938112
 343, 1659119836.159020596
 344, 1659119836.204431800
 345, 1659119836.249894108
 346, 1659119836.295505200
 347, 1659119836.340728276
 348, 1659119836.386118980
 349, 1659119836.431854844
 350, 1659119836.476909156
 351, 1659119836.522491260
 352, 1659119836.568308324
 353, 1659119836.613577944
 354, 1659119836.658961160
 355, 1659119836.704656648
 356, 1659119836.749616644
 357, 1659119836.795194084
 358, 1659119836.840941124
 359, 1659119836.886007276
 360, 1659119836.932651848
 361, 1659119836.977291776
 362, 1659119837.023539188
 363, 1659119837.068823748
 364, 1659119837.113437768
 365, 1659119837.158917264
 366, 1659119837.204417256
 367, 1659119837.249564988
 368, 1659119837.296487764
 369, 1659119837.340576120
 370, 1659119837.386145636
 371, 1659119837.431712772
 372, 1659119837.477137452
 373, 1659119837.522947860
 374, 1659119837.567943352
 375, 1659119837.613199380
 376, 1659119837.658836684
 377, 1659119837.704453420
 378, 1659119837.749867652
 379, 1659119837.794867600
 380, 1659119837.840893060
 381, 1659119837.885774500
 382, 1659119837.931741936
 383, 1659119837.977092416
 384, 1659119838.023503256
 385, 1659119838.067939784
 386, 1659119838.113840392
 387, 1659119838.158640768
 388, 1659119838.204139136
 389, 1659119838.249622888
 390, 1659119838.295242188
 391, 1659119838.340303432
 392, 1659119838.386063624
 393, 1659119838.431372708
 394, 1659119838.476856008
 395, 1659119838.522163924
 396, 1659119838.567837972
 397, 1659119838.613665176
 398, 1659119838.658926056
 399, 1659119838.704258876
 400, 1659119838.749348996
 401, 1659119838.795375868
 402, 1659119838.840798244
 403, 1659119838.888339832
 404, 1659119838.931253120
 405, 1659119838.977067136
 406, 1659119839.022822796
 407, 1659119839.067493904
 408, 1659119839.112983372
 409, 1659119839.158363340
 410, 1659119839.203930040
 411, 1659119839.249497380
 412, 1659119839.294903376
 413, 1659119839.340141396
 414, 1659119839.385762996
 415, 1659119839.431416628
 416, 1659119839.477481212
 417, 1659119839.522101524
 418, 1659119839.568663828
 419, 1659119839.613134364
 420, 1659119839.658741272
 421, 1659119839.704112944
 422, 1659119839.749141248
 423, 1659119839.794722236
 424, 1659119839.840071296
 425, 1659119839.885851512
 426, 1659119839.931704408
 427, 1659119839.977641608
 428, 1659119840.022367648
 429, 1659119840.067942844
 430, 1659119840.113132404
 431, 1659119840.158826836
 432, 1659119840.204238864
 433, 1659119840.249420776
 434, 1659119840.294797036
 435, 1659119840.340318540
 436, 1659119840.385898964
 437, 1659119840.431288428
 438, 1659119840.476776408
 439, 1659119840.522038480
 440, 1659119840.567557004
 441, 1659119840.613412248
 442, 1659119840.658533584
 443, 1659119840.704002388
 444, 1659119840.749292684
 445, 1659119840.795376164
 446, 1659119840.840038328
 447, 1659119840.885964612
 448, 1659119840.931014360
 449, 1659119840.977250588
 450, 1659119841.022638624
 451, 1659119841.067256456
 452, 1659119841.112929976
 453, 1659119841.158207768
 454, 1659119841.203874196
 455, 1659119841.249268372
 456, 1659119841.295028544
 457, 1659119841.339984092
 458, 1659119841.385433908
 459, 1659119841.431481324
 460, 1659119841.477647124
 461, 1659119841.522277952
 462, 1659119841.568155928
 463, 1659119841.613373976
 464, 1659119841.658981200
 465, 1659119841.703807016
 466, 1659119841.749422808
 467, 1659119841.794636040
 468, 1659119841.840233496
 469, 1659119841.885912804
 470, 1659119841.931341128
 471, 1659119841.977048944
 472, 1659119842.022506020
 473, 1659119842.067617252
 474, 1659119842.113142512
 475, 1659119842.158563300
 476, 1659119842.204778348
 477, 1659119842.249309912
 478, 1659119842.294592936
 479, 1659119842.340570364
 480, 1659119842.386429168
 481, 1659119842.431106328
 482, 1659119842.476676228
 483, 1659119842.521891104
 484, 1659119842.567400488
 485, 1659119842.612618060
 486, 1659119842.658388528
 487, 1659119842.703558500
 488, 1659119842.749344808
 489, 1659119842.794589184
 490, 1659119842.839897708
 491, 1659119842.885395896
 492, 1659119842.930988440
 493, 1659119842.976517332
 494, 1659119843.022098384
 495, 1659119843.067513660
 496, 1659119843.112834088
 497, 1659119843.158816472
 498, 1659119843.203734864
 499, 1659119843.250449736
 500, 1659119843.295559584
 501, 1659119843.340139240
 502, 1659119843.386252716
 503, 1659119843.430920772
 504, 1659119843.476339196
 505, 1659119843.521776332
 506, 1659119843.567272636
 507, 1659119843.612723840
 508, 1659119843.658234660
 509, 1659119843.703887196
 510, 1659119843.748933604
 511, 1659119843.794727156
 512, 1659119843.839702992
 513, 1659119843.885424068
 514, 1659119843.931032708
 515, 1659119843.978843768
 516, 1659119844.021941132
 517, 1659119844.067417216
 518, 1659119844.112894660
 519, 1659119844.158299480
 520, 1659119844.203683152
 521, 1659119844.248867384
 522, 1659119844.294692940
 523, 1659119844.340797416
 524, 1659119844.385385140
 525, 1659119844.430618016
 526, 1659119844.475985728
 527, 1659119844.521639444
 528, 1659119844.567872824
 529, 1659119844.612412680
 530, 1659119844.658380028
 531, 1659119844.703384660
 532, 1659119844.748898888
 533, 1659119844.794749872
 534, 1659119844.839978500
 535, 1659119844.885512756
 536, 1659119844.931197924
 537, 1659119844.976235928
 538, 1659119845.021679824
 539, 1659119845.066966664
 540, 1659119845.112362928
 541, 1659119845.157987308
 542, 1659119845.203544440
 543, 1659119845.249057188
 544, 1659119845.294208784
 545, 1659119845.339507424
 546, 1659119845.385188020
 547, 1659119845.430882776
 548, 1659119845.477678572
 549, 1659119845.522320724
 550, 1659119845.568368156
 551, 1659119845.623558048
 552, 1659119845.662145992
 553, 1659119845.703398400
 554, 1659119845.748736296
 555, 1659119845.795015240
 556, 1659119845.839530444
 557, 1659119845.885183292
 558, 1659119845.930884252
 559, 1659119845.976157404
 560, 1659119846.021803880
 561, 1659119846.066950728
 562, 1659119846.112290800
 563, 1659119846.158017252
 564, 1659119846.203251608
 565, 1659119846.250267996
 566, 1659119846.294608940
 567, 1659119846.339630232
 568, 1659119846.385326316
 569, 1659119846.430645900
 570, 1659119846.476142712
 571, 1659119846.521682000
 572, 1659119846.567061948
 573, 1659119846.612232952
 574, 1659119846.658160944
 575, 1659119846.703799164
 576, 1659119846.749441776
 577, 1659119846.794939396
 578, 1659119846.839953764
 579, 1659119846.885554048
 580, 1659119846.930591544
 581, 1659119846.976670920
 582, 1659119847.022055768
 583, 1659119847.067194588
 584, 1659119847.112375496
 585, 1659119847.158112752
 586, 1659119847.203790640
 587, 1659119847.248672052
 588, 1659119847.294152044
 589, 1659119847.339640908
 590, 1659119847.384965192
 591, 1659119847.430727224
 592, 1659119847.486094688
 593, 1659119847.522560412
 594, 1659119847.569021664
 595, 1659119847.612249712
 596, 1659119847.657653592
 597, 1659119847.703414364
 598, 1659119847.749072796
 599, 1659119847.794270620
 600, 1659119847.839553892
 601, 1659119847.884815452
 602, 1659119847.930577452
 603, 1659119847.976469464
 604, 1659119848.021568668
 605, 1659119848.067030052
 606, 1659119848.112554900
 607, 1659119848.157709432
 608, 1659119848.203073000
 609, 1659119848.250864928
 610, 1659119848.293971828
 611, 1659119848.339347596
 612, 1659119848.384974324
 613, 1659119848.430870696
 614, 1659119848.476114952
 615, 1659119848.521111152
 616, 1659119848.566826212
 617, 1659119848.612207960
 618, 1659119848.657594756
 619, 1659119848.703338284
 620, 1659119848.748626256
 621, 1659119848.794339832
 622, 1659119848.839890800
 623, 1659119848.885422708
 624, 1659119848.930226148
 625, 1659119848.975984424
 626, 1659119849.021500772
 627, 1659119849.066810384
 628, 1659119849.112288908
 629, 1659119849.157444608
 630, 1659119849.203007832
 631, 1659119849.248934948
 632, 1659119849.293983648
 633, 1659119849.339211900
 634, 1659119849.384672740
 635, 1659119849.430297952
 636, 1659119849.476256392
 637, 1659119849.521424368
 638, 1659119849.566556620
 639, 1659119849.612424992
 640, 1659119849.657662500
 641, 1659119849.703238532
 642, 1659119849.750813728
 643, 1659119849.794221184
 644, 1659119849.840725968
 645, 1659119849.886389992
 646, 1659119849.930307944
 647, 1659119849.976252412
 648, 1659119850.021143296
 649, 1659119850.066524124
 650, 1659119850.112030680
 651, 1659119850.158429524
 652, 1659119850.203173072
 653, 1659119850.248308824
 654, 1659119850.293695776
 655, 1659119850.339245748
 656, 1659119850.384813572
 657, 1659119850.431198240
 658, 1659119850.476247864
 659, 1659119850.521347728
 660, 1659119850.566392616
 661, 1659119850.612024032
 662, 1659119850.657476164
 663, 1659119850.702961944
 664, 1659119850.748288208
 665, 1659119850.793699700
 666, 1659119850.839442132
 667, 1659119850.884524260
 668, 1659119850.929857380
 669, 1659119850.975959000
 670, 1659119851.021185048
 671, 1659119851.067056116
 672, 1659119851.111727796
 673, 1659119851.157228588
 674, 1659119851.202735844
 675, 1659119851.248506484
 676, 1659119851.293804872
 677, 1659119851.339077172
 678, 1659119851.384473568
 679, 1659119851.430023972
 680, 1659119851.476440988
 681, 1659119851.521147224
 682, 1659119851.566569244
 683, 1659119851.611838468
 684, 1659119851.657500672
 685, 1659119851.702933384
 686, 1659119851.748454756
 687, 1659119851.793634428
 688, 1659119851.839187480
 689, 1659119851.885479340
 690, 1659119851.930194700
 691, 1659119851.976294520
 692, 1659119852.021249904
 693, 1659119852.066483004
 694, 1659119852.112014328
 695, 1659119852.158306412
 696, 1659119852.204855976
 697, 1659119852.248052924
 698, 1659119852.293661244
 699, 1659119852.339499680
 700, 1659119852.385204404
 701, 1659119852.429753960
 702, 1659119852.475671460
 703, 1659119852.520826100
 704, 1659119852.566329372
 705, 1659119852.611724780
 706, 1659119852.657343780
 707, 1659119852.702545260
 708, 1659119852.748255048
 709, 1659119852.793451584
 710, 1659119852.839027904
 711, 1659119852.884323628
 712, 1659119852.931834924
 713, 1659119852.975905592
 714, 1659119853.021082364
 715, 1659119853.066419444
 716, 1659119853.111816680
 717, 1659119853.157051060
 718, 1659119853.203081160
 719, 1659119853.248632244
 720, 1659119853.293848400
 721, 1659119853.347575864
 722, 1659119853.388169864
 723, 1659119853.429803452
 724, 1659119853.475452024
 725, 1659119853.521293868
 726, 1659119853.566263712
 727, 1659119853.612110736
 728, 1659119853.657285852
 729, 1659119853.702668060
 730, 1659119853.748272092
 731, 1659119853.793618876
 732, 1659119853.839076188
 733, 1659119853.884557368
 734, 1659119853.929971960
 735, 1659119853.975785508
 736, 1659119854.020689840
 737, 1659119854.066138028
 738, 1659119854.111936252
 739, 1659119854.157455988
 740, 1659119854.202383876
 741, 1659119854.247933232
 742, 1659119854.293335000
 743, 1659119854.338967436
 744, 1659119854.385024532
 745, 1659119854.430115656
 746, 1659119854.475189432
 747, 1659119854.520668528
 748, 1659119854.566208676
 749, 1659119854.611487900
 750, 1659119854.657345840
 751, 1659119854.702907460
 752, 1659119854.747930684
 753, 1659119854.793698576
 754, 1659119854.839062632
 755, 1659119854.884569680
 756, 1659119854.930186304
 757, 1659119854.975788168
 758, 1659119855.021402544
 759, 1659119855.067934204
 760, 1659119855.111374828
 761, 1659119855.156909608
 762, 1659119855.202640012
 763, 1659119855.247965660
 764, 1659119855.293507052
 765, 1659119855.338707272
 766, 1659119855.384560912
 767, 1659119855.429678840
 768, 1659119855.475181048
 769, 1659119855.520915248
 770, 1659119855.565924448
 771, 1659119855.611382768
 772, 1659119855.656997128
 773, 1659119855.702954948
 774, 1659119855.747847436
 775, 1659119855.793224144
 776, 1659119855.838633212
 777, 1659119855.884328376
 778, 1659119855.940715560
 779, 1659119855.980698252
 780, 1659119856.020870660
 781, 1659119856.066105948
 782, 1659119856.111548992
 783, 1659119856.157267360
 784, 1659119856.202474932
 785, 1659119856.247986192
 786, 1659119856.293298092
 787, 1659119856.338871676
 788, 1659119856.384646204
 789, 1659119856.429878124
 790, 1659119856.475205836
 791, 1659119856.520231132
 792, 1659119856.565877632
 793, 1659119856.611276348
 794, 1659119856.656911616
 795, 1659119856.702180412
 796, 1659119856.747747032
 797, 1659119856.794040932
 798, 1659119856.838559676
 799, 1659119856.885106280
 800, 1659119856.929443336
 801, 1659119856.975226148
 802, 1659119857.020829996
 803, 1659119857.065737404
 804, 1659119857.111402604
 805, 1659119857.156781500
 806, 1659119857.202358872
 807, 1659119857.248377988
 808, 1659119857.293560432
 809, 1659119857.338883532
 810, 1659119857.384342708
 811, 1659119857.429477176
 812, 1659119857.475524340
 813, 1659119857.520258488
 814, 1659119857.565921468
 815, 1659119857.611336712
 816, 1659119857.657198364
 817, 1659119857.702177344
 818, 1659119857.747650628
 819, 1659119857.793423504
 820, 1659119857.838536972
 821, 1659119857.884451928
 822, 1659119857.930265712
 823, 1659119857.975325500
 824, 1659119858.020477480
 825, 1659119858.065867976
 826, 1659119858.111411944
 827, 1659119858.158521848
 828, 1659119858.202219012
 829, 1659119858.247615620
 830, 1659119858.293073600
 831, 1659119858.338676252
 832, 1659119858.383861660
 833, 1659119858.430253336
 834, 1659119858.474777420
 835, 1659119858.520514068
 836, 1659119858.566554696
 837, 1659119858.611042952
 838, 1659119858.656747472
 839, 1659119858.702412800
 840, 1659119858.747608876
 841, 1659119858.793377840
 842, 1659119858.838346688
 843, 1659119858.883742068
 844, 1659119858.929407928
 845, 1659119858.975547096
 846, 1659119859.021773520
 847, 1659119859.065740484
 848, 1659119859.111547320
 849, 1659119859.156721720
 850, 1659119859.202318232
 851, 1659119859.247528036
 852, 1659119859.293226396
 853, 1659119859.338449740
 854, 1659119859.384196596
 855, 1659119859.429127080
 856, 1659119859.475222124
 857, 1659119859.520528416
 858, 1659119859.565798376
 859, 1659119859.611410300
 860, 1659119859.656704756
 861, 1659119859.702214504
 862, 1659119859.747465772
 863, 1659119859.792899456
 864, 1659119859.839319088
 865, 1659119859.884102144
 866, 1659119859.929140520
 867, 1659119859.974991720
 868, 1659119860.020115180
 869, 1659119860.065879136
 870, 1659119860.111470244
 871, 1659119860.156893856
 872, 1659119860.202043872
 873, 1659119860.247494984
 874, 1659119860.293190636
 875, 1659119860.338600936
 876, 1659119860.383587780
 877, 1659119860.429506324
 878, 1659119860.474930376
 879, 1659119860.520563540
 880, 1659119860.565508608
 881, 1659119860.611177600
 882, 1659119860.656671036
 883, 1659119860.702039548
 884, 1659119860.748522000
 885, 1659119860.792739932
 886, 1659119860.840313508
 887, 1659119860.883868660
 888, 1659119860.929017436
 889, 1659119860.974764420
 890, 1659119861.020442412
 891, 1659119861.075269156
 892, 1659119861.115513500
 893, 1659119861.156227960
 894, 1659119861.201980632
 895, 1659119861.247460248
 896, 1659119861.292959448
 897, 1659119861.338169152
 898, 1659119861.383783024
 899, 1659119861.429245400
 900, 1659119861.474912552
 901, 1659119861.520251840
 902, 1659119861.565610036
 903, 1659119861.611135212
 904, 1659119861.656767884
 905, 1659119861.702035228
 906, 1659119861.747476568
 907, 1659119861.792904328
 908, 1659119861.839277668
 909, 1659119861.884577892
 910, 1659119861.929441452
 911, 1659119861.974807504
 912, 1659119862.021228420
 913, 1659119862.065481040
 914, 1659119862.111255440
 915, 1659119862.156119808
 916, 1659119862.202158724
 917, 1659119862.247207968
 918, 1659119862.292768168
 919, 1659119862.338460680
 920, 1659119862.383552088
 921, 1659119862.429293672
 922, 1659119862.474541172
 923, 1659119862.519752292
 924, 1659119862.565497552
 925, 1659119862.610737844
 926, 1659119862.656461576
 927, 1659119862.702132500
 928, 1659119862.747277256
 929, 1659119862.792896480
 930, 1659119862.838012544
 931, 1659119862.883411676
 932, 1659119862.928942260
 933, 1659119862.974318304
 934, 1659119863.021721088
 935, 1659119863.065114956
 936, 1659119863.111051452
 937, 1659119863.156455036
 938, 1659119863.203104052
 939, 1659119863.247353356
 940, 1659119863.293776576
 941, 1659119863.338540768
 942, 1659119863.383745864
 943, 1659119863.428983212
 944, 1659119863.474711180
 945, 1659119863.519879004
 946, 1659119863.565334044
 947, 1659119863.611166376
 948, 1659119863.656070740
 949, 1659119863.701529992
 950, 1659119863.747039064
 951, 1659119863.792558832
 952, 1659119863.838954496
 953, 1659119863.883382892
 954, 1659119863.928856208
 955, 1659119863.974943716
